 30 28 28 49.90 48.14 46.79 144320 0.00 0.00 0.00     0 49.91 46.92 46.21 116137     0 4.187
 30 28 28 49.90 48.14 46.79 144320 0.00 0.00 0.00     0 49.90 46.95 46.26 116279     0 3.845
 30 28 28 49.90 48.14 46.79 144320 0.00 0.00 0.00     0 49.90 46.95 46.26 116279     0 3.580
 30 28 28 49.90 48.14 46.79 144320 0.00 0.00 0.00     0 49.92 46.95 46.25 116213     0 3.576
 30 28 28 49.90 48.14 46.79 144320 0.00 0.00 0.00     0 49.92 46.95 46.25 116213     0 3.471
 30 28 28 49.90 48.14 46.79 144320 0.00 0.00 0.00     0 49.92 46.95 46.25 116213     0 3.516
 30 28 28 49.90 48.14 46.79 144320 0.00 0.00 0.00     0 49.92 46.95 46.25 116213     0 3.538
 30 28 28 49.90 48.14 46.79 144320 0.00 0.00 0.00     0 49.92 46.95 46.25 116213     0 3.503
 30 28 28 49.90 48.14 46.79 144320 0.00 0.00 0.00     0 49.92 46.95 46.25 116213     0 3.523
 30 28 28 49.90 48.14 46.79 144320 0.00 0.00 0.00     0 49.85 46.96 46.20 116597     0 3.546
 30 28 28 49.90 48.14 46.79 144320 0.00 0.00 0.00     0 49.85 46.96 46.20 116597     0 3.562
 30 28 28 49.90 48.14 46.79 144320 0.00 0.00 0.00     0 49.85 46.96 46.20 116597     0 3.590
 30 28 28 49.90 48.14 46.79 144320 0.00 0.00 0.00     0 49.85 46.96 46.20 116597     0 3.596
 30 28 28 49.90 48.14 46.79 144320 0.00 0.00 0.00     0 49.85 46.96 46.20 116597     0 3.454
 30 28 28 49.90 48.14 46.79 144320 0.00 0.00 0.00     0 49.85 46.96 46.20 116597     0 3.437
 30 28 28 49.90 48.14 46.79 144320 0.00 0.00 0.00     0 49.85 46.96 46.20 116597     0 3.355
 30 28 28 49.90 48.14 46.79 144320 0.00 0.00 0.00     0 49.85 46.96 46.20 116597     0 3.413
 30 28 28 49.90 48.14 46.79 144320 0.00 0.00 0.00     0 49.85 46.96 46.20 116597     0 3.475
 30 28 28 49.90 48.14 46.79 144320 0.00 0.00 0.00     0 49.85 46.96 46.20 116597     0 3.384
 30 28 28 49.90 48.14 46.79 144320 0.00 0.00 0.00     0 49.85 46.96 46.20 116597     0 3.385
 30 28 28 49.90 48.14 46.79 144320 0.00 0.00 0.00     0 49.85 46.96 46.20 116597     0 3.406
 30 28 28 49.90 48.14 46.79 144320 0.00 0.00 0.00     0 49.85 46.96 46.20 116597     0 3.371
 30 28 28 49.90 48.14 46.79 144320 0.00 0.00 0.00     0 49.85 46.96 46.20 116597     0 3.380
 30 28 28 49.90 48.14 46.79 144320 0.00 0.00 0.00     0 49.85 46.96 46.20 116597     0 3.381
 30 28 28 49.90 48.14 46.79 144320 0.00 0.00 0.00     0 49.85 46.96 46.20 116597     0 3.383
 30 28 28 49.90 48.14 46.79 144320 0.00 0.00 0.00     0 49.85 46.96 46.20 116597     0 3.409
 30 28 28 49.90 48.14 46.79 144320 0.00 0.00 0.00     0 49.85 46.96 46.20 116597     0 3.406
 30 28 28 49.90 48.14 46.79 144320 0.00 0.00 0.00     0 49.85 46.96 46.20 116597     0 3.391
 30 28 28 49.90 48.14 46.79 144320 0.00 0.00 0.00     0 49.85 46.96 46.20 116597     0 3.452
 30 28 28 49.90 48.14 46.79 144320 0.00 0.00 0.00     0 49.85 46.96 46.20 116597     0 3.399
 30 28 28 49.90 48.14 46.79 144320 0.00 0.00 0.00     0 49.85 46.96 46.20 116597     0 3.355
 30 28 28 49.90 48.14 46.79 144320 0.00 0.00 0.00     0 49.85 46.96 46.20 116597     0 3.388
 30 28 28 49.90 48.14 46.79 144320 0.00 0.00 0.00     0 49.85 46.96 46.20 116597     0 3.375
 30 28 28 49.90 48.14 46.79 144320 0.00 0.00 0.00     0 49.85 46.96 46.20 116597     0 3.384
 30 28 28 49.90 48.14 46.79 144320 0.00 0.00 0.00     0 49.85 46.96 46.20 116597     0 3.413
 30 28 28 49.90 48.14 46.79 144320 0.00 0.00 0.00     0 49.85 46.96 46.20 116597     0 3.391
 30 28 28 49.90 48.14 46.79 144320 0.00 0.00 0.00     0 49.85 46.96 46.20 116597     0 3.378
 30 28 28 49.90 48.14 46.79 144320 0.00 0.00 0.00     0 49.85 46.96 46.20 116597     0 3.430
 30 28 28 49.90 48.14 46.79 144320 0.00 0.00 0.00     0 49.85 46.96 46.20 116597     0 3.384
 30 28 28 49.90 48.14 46.79 144320 0.00 0.00 0.00     0 49.85 46.96 46.20 116597     0 3.355
 30 28 28 49.90 48.14 46.79 144320 0.00 0.00 0.00     0 49.85 46.96 46.20 116597     0 3.392
 30 28 28 49.90 48.14 46.79 144320 0.00 0.00 0.00     0 49.85 46.96 46.20 116597     0 3.395
 30 28 28 49.90 48.14 46.79 144320 0.00 0.00 0.00     0 49.85 46.96 46.20 116597     0 3.381
 30 28 28 49.90 48.14 46.79 144320 0.00 0.00 0.00     0 49.85 46.96 46.20 116597     0 3.406
 30 28 28 49.90 48.14 46.79 144320 0.00 0.00 0.00     0 49.85 46.96 46.20 116597     0 3.376
 30 28 28 49.90 48.14 46.79 144320 0.00 0.00 0.00     0 49.85 46.96 46.20 116597     0 3.355
 30 28 28 49.90 48.14 46.79 144320 0.00 0.00 0.00     0 49.85 46.96 46.20 116597     0 3.450
 30 28 28 49.90 48.14 46.79 144320 0.00 0.00 0.00     0 49.85 46.96 46.20 116597     0 3.343
 30 28 28 49.90 48.14 46.79 144320 0.00 0.00 0.00     0 49.85 46.96 46.20 116597     0 3.352
 30 28 28 49.90 48.14 46.79 144320 0.00 0.00 0.00     0 49.85 46.96 46.20 116597     0 3.343
 30 28 28 49.90 48.14 46.79 144320 0.00 0.00 0.00     0 49.85 46.96 46.20 116597     0 3.349
 30 28 28 49.90 48.14 46.79 144320 0.00 0.00 0.00     0 49.85 46.96 46.20 116597     0 3.321
 30 28 28 49.90 48.14 46.79 144320 0.00 0.00 0.00     0 49.85 46.96 46.20 116597     0 3.366
 30 28 28 49.90 48.14 46.79 144320 0.00 0.00 0.00     0 49.85 46.96 46.20 116597     0 3.335
 30 28 28 49.90 48.14 46.79 144320 0.00 0.00 0.00     0 49.85 46.96 46.20 116597     0 3.338
 30 28 28 49.90 48.14 46.79 144320 0.00 0.00 0.00     0 49.85 46.96 46.20 116597     0 3.387
 30 28 28 49.90 48.14 46.79 144320 0.00 0.00 0.00     0 49.85 46.96 46.20 116597     0 3.316
 30 28 28 49.90 48.14 46.79 144320 0.00 0.00 0.00     0 49.85 46.96 46.20 116597     0 3.350
 30 28 28 49.90 48.14 46.79 144320 0.00 0.00 0.00     0 49.85 46.96 46.20 116597     0 3.334
 30 28 28 49.90 48.14 46.79 144320 0.00 0.00 0.00     0 49.85 46.96 46.20 116597     0 3.376
 30 28 28 49.90 48.14 46.79 144320 0.00 0.00 0.00     0 49.85 46.96 46.20 116597     0 3.330
 30 28 28 49.90 48.14 46.79 144320 0.00 0.00 0.00     0 49.85 46.96 46.20 116597     0 3.339
 30 28 28 49.90 48.14 46.79 144320 0.00 0.00 0.00     0 49.85 46.96 46.20 116597     0 3.369
 30 28 28 49.90 48.14 46.79 144320 0.00 0.00 0.00     0 49.85 46.96 46.20 116597     0 3.395
 30 28 28 49.90 48.14 46.79 144320 0.00 0.00 0.00     0 49.85 46.96 46.20 116597     0 4.388
 30 28 28 49.90 48.14 46.79 144320 0.00 0.00 0.00     0 49.85 46.96 46.20 116597     0 4.178
 30 28 28 49.90 48.14 46.79 144320 0.00 0.00 0.00     0 49.85 46.96 46.20 116597     0 4.265
 30 28 28 49.90 48.14 46.79 144320 0.00 0.00 0.00     0 49.85 46.96 46.20 116597     0 3.568
 30 28 28 49.90 48.14 46.79 144320 0.00 0.00 0.00     0 49.85 46.96 46.20 116597     0 3.387
 30 28 28 49.90 48.14 46.79 144320 0.00 0.00 0.00     0 49.85 46.96 46.20 116597     0 3.517
 30 28 28 49.90 48.14 46.79 144320 0.00 0.00 0.00     0 49.85 46.96 46.20 116597     0 3.556
 30 28 28 49.90 48.14 46.79 144320 0.00 0.00 0.00     0 49.85 46.96 46.20 116597     0 3.587
 30 28 28 49.90 48.14 46.79 144320 0.00 0.00 0.00     0 49.85 46.96 46.20 116597     0 3.641
 30 28 28 49.90 48.14 46.79 144320 0.00 0.00 0.00     0 49.85 46.96 46.20 116597     0 3.644
 30 28 28 49.90 48.14 46.79 144320 0.00 0.00 0.00     0 49.85 46.96 46.20 116597     0 3.532
 30 28 28 49.90 48.14 46.79 144320 0.00 0.00 0.00     0 49.85 46.96 46.20 116597     0 3.399
 30 28 28 49.90 48.14 46.79 144320 0.00 0.00 0.00     0 49.85 46.96 46.20 116597     0 3.397
 30 28 28 49.90 48.14 46.79 144320 0.00 0.00 0.00     0 49.85 46.96 46.20 116597     0 3.393
 30 28 28 49.90 48.14 46.79 144320 0.00 0.00 0.00     0 49.85 46.96 46.20 116597     0 3.374
 30 28 28 49.90 48.14 46.79 144320 0.00 0.00 0.00     0 49.85 46.96 46.20 116597     0 3.429
 30 28 28 49.90 48.14 46.79 144320 0.00 0.00 0.00     0 49.85 46.96 46.20 116597     0 3.398
 30 28 28 49.90 48.14 46.79 144320 0.00 0.00 0.00     0 49.85 46.96 46.20 116597     0 3.404
 30 28 28 49.90 48.14 46.79 144320 0.00 0.00 0.00     0 49.85 46.96 46.20 116597     0 3.386
 30 28 28 49.90 48.14 46.79 144320 0.00 0.00 0.00     0 49.85 46.96 46.20 116597     0 3.375
 30 28 28 49.90 48.14 46.79 144320 0.00 0.00 0.00     0 49.85 46.96 46.20 116597     0 3.430
 30 28 28 49.90 48.14 46.79 144320 0.00 0.00 0.00     0 49.85 46.96 46.20 116597     0 3.540
 30 28 28 49.90 48.14 46.79 144320 0.00 0.00 0.00     0 49.85 46.96 46.20 116597     0 3.449
 30 28 28 49.90 48.14 46.79 144320 0.00 0.00 0.00     0 49.85 46.96 46.20 116597     0 3.397
 30 28 28 49.90 48.14 46.79 144320 0.00 0.00 0.00     0 49.85 46.96 46.20 116597     0 3.472
 30 28 28 49.90 48.14 46.79 144320 0.00 0.00 0.00     0 49.85 46.96 46.20 116597     0 3.391
 30 28 28 49.90 48.14 46.79 144320 0.00 0.00 0.00     0 49.85 46.96 46.20 116597     0 3.375
 30 28 28 49.90 48.14 46.79 144320 0.00 0.00 0.00     0 49.85 46.96 46.20 116597     0 3.369
 30 28 28 49.90 48.14 46.79 144320 0.00 0.00 0.00     0 49.85 46.96 46.20 116597     0 3.386
 30 28 28 49.90 48.14 46.79 144320 0.00 0.00 0.00     0 49.85 46.96 46.20 116597     0 3.389
 30 28 28 49.90 48.14 46.79 144320 0.00 0.00 0.00     0 49.85 46.96 46.20 116597     0 3.391
 30 28 28 49.90 48.14 46.79 144320 0.00 0.00 0.00     0 49.85 46.96 46.20 116597     0 3.389
 30 28 28 49.90 48.14 46.79 144320 0.00 0.00 0.00     0 49.85 46.96 46.20 116597     0 3.421
 30 28 28 49.90 48.14 46.79 144320 0.00 0.00 0.00     0 49.85 46.96 46.20 116597     0 3.416
 30 28 28 49.90 48.14 46.79 144320 0.00 0.00 0.00     0 49.85 46.96 46.20 116597     0 3.409
 30 28 28 49.90 48.14 46.79 144320 0.00 0.00 0.00     0 49.85 46.96 46.20 116597     0 3.450
 30 28 28 49.90 48.14 46.79 144320 0.00 0.00 0.00     0 49.85 46.96 46.20 116597     0 3.401
 30 28 28 49.90 48.14 46.79 144320 0.00 0.00 0.00     0 49.85 46.96 46.20 116597     0 3.427
 30 28 28 49.90 48.14 46.79 144320 0.00 0.00 0.00     0 49.85 46.96 46.20 116597     0 3.471
 30 28 28 49.90 48.14 46.79 144320 0.00 0.00 0.00     0 49.85 46.96 46.20 116597     0 3.387
 30 28 28 49.90 48.14 46.79 144320 0.00 0.00 0.00     0 49.85 46.96 46.20 116597     0 3.406
 30 28 28 49.90 48.14 46.79 144320 0.00 0.00 0.00     0 49.85 46.96 46.20 116597     0 3.430
 30 28 28 49.90 48.14 46.79 144320 0.00 0.00 0.00     0 49.85 46.96 46.20 116597     0 3.414
 30 28 28 49.90 48.14 46.79 144320 0.00 0.00 0.00     0 49.85 46.96 46.20 116597     0 3.417
 30 28 28 49.90 48.14 46.79 144320 0.00 0.00 0.00     0 49.85 46.96 46.20 116597     0 3.502
 30 28 28 49.90 48.14 46.79 144320 0.00 0.00 0.00     0 49.85 46.96 46.20 116597     0 3.419
 30 28 28 49.90 48.14 46.79 144320 0.00 0.00 0.00     0 49.85 46.96 46.20 116597     0 3.429
 30 28 28 49.90 48.14 46.79 144320 0.00 0.00 0.00     0 49.85 46.96 46.20 116597     0 3.451
 30 28 28 49.90 48.14 46.79 144320 0.00 0.00 0.00     0 49.85 46.96 46.20 116597     0 3.411
 30 28 28 49.90 48.14 46.79 144320 0.00 0.00 0.00     0 49.85 46.96 46.20 116597     0 3.401
 30 28 28 49.90 48.14 46.79 144320 0.00 0.00 0.00     0 49.85 46.96 46.20 116597     0 3.435
 30 28 28 49.90 48.14 46.79 144320 0.00 0.00 0.00     0 49.85 46.96 46.20 116597     0 3.409
 30 28 28 49.90 48.14 46.79 144320 0.00 0.00 0.00     0 49.85 46.96 46.20 116597     0 3.411
 30 28 28 49.90 48.14 46.79 144320 0.00 0.00 0.00     0 49.85 46.96 46.20 116597     0 3.408
 30 28 28 49.90 48.14 46.79 144320 0.00 0.00 0.00     0 49.85 46.96 46.20 116597     0 3.405
 30 28 28 49.90 48.14 46.79 144320 0.00 0.00 0.00     0 49.85 46.96 46.20 116597     0 3.417
 30 28 28 49.90 48.14 46.79 144320 0.00 0.00 0.00     0 49.85 46.96 46.20 116597     0 3.451
 30 28 28 49.90 48.14 46.79 144320 0.00 0.00 0.00     0 49.85 46.96 46.20 116597     0 3.395
 30 28 28 49.90 48.14 46.79 144320 0.00 0.00 0.00     0 49.85 46.96 46.20 116597     0 3.452
 30 28 28 49.90 48.14 46.79 144320 0.00 0.00 0.00     0 49.85 46.96 46.20 116597     0 3.443
 30 28 28 49.90 48.14 46.79 144320 0.00 0.00 0.00     0 49.89 46.96 46.28 116487     0 3.515
 30 28 28 49.90 48.14 46.79 144320 0.00 0.00 0.00     0 49.87 47.02 46.22 116522     0 3.557
 30 28 28 49.90 48.14 46.79 144320 0.00 0.00 0.00     0 49.90 46.97 46.17 116370     0 3.789
