  0  0 28 0.00 0.00 0.00     0 0.00 0.00 0.00     0 53.12 68.01 63.01     0 0.000
  0  0 28 0.00 0.00 0.00     0 0.00 0.00 0.00     0 53.12 68.01 63.01     0 0.000
  0  0 28 0.00 0.00 0.00     0 0.00 0.00 0.00     0 53.12 68.01 63.01     0 0.000
  0  0 28 0.00 0.00 0.00     0 0.00 0.00 0.00     0 53.12 68.01 63.01     0 0.000
  0  0 28 0.00 0.00 0.00     0 0.00 0.00 0.00     0 90.69 45.20 0.00     0 0.000
  0  0 28 0.00 0.00 0.00     0 0.00 0.00 0.00     0 90.69 45.20 0.00     0 0.000
  0  0 28 0.00 0.00 0.00     0 0.00 0.00 0.00     0 90.69 45.20 0.00     0 0.000
  0  0 28 0.00 0.00 0.00     0 0.00 0.00 0.00     0 90.69 45.20 0.00     0 0.000
  0  0 28 0.00 0.00 0.00     0 0.00 0.00 0.00     0 90.69 45.20 0.00     0 0.000
  0  0 28 0.00 0.00 0.00     0 0.00 0.00 0.00     0 90.69 45.20 0.00     0 0.000
  0  0 28 0.00 0.00 0.00     0 0.00 0.00 0.00     0 90.69 45.20 0.00     0 0.000
  0  0 28 0.00 0.00 0.00     0 0.00 0.00 0.00     0 90.69 45.20 0.00     0 0.000
  0  0 28 0.00 0.00 0.00     0 0.00 0.00 0.00     0 90.69 45.20 0.00     0 0.000
  0  0 28 0.00 0.00 0.00     0 0.00 0.00 0.00     0 90.69 45.20 0.00     0 0.000
  0  0 28 0.00 0.00 0.00     0 0.00 0.00 0.00     0 90.69 45.20 0.00     0 0.000
  0  0 28 0.00 0.00 0.00     0 0.00 0.00 0.00     0 90.69 45.20 0.00     0 0.000
  0  0 28 0.00 0.00 0.00     0 0.00 0.00 0.00     0 90.69 45.20 0.00     0 0.000
  0  0 28 0.00 0.00 0.00     0 0.00 0.00 0.00     0 90.69 45.20 0.00     0 0.000
  0  0 28 0.00 0.00 0.00     0 0.00 0.00 0.00     0 90.69 45.20 0.00     0 0.000
  0  0 28 0.00 0.00 0.00     0 0.00 0.00 0.00     0 90.69 45.20 0.00     0 0.000
  0  0 28 0.00 0.00 0.00     0 0.00 0.00 0.00     0 90.69 45.20 0.00     0 0.000
  0  0 28 0.00 0.00 0.00     0 0.00 0.00 0.00     0 90.69 45.20 0.00     0 0.000
  0  0 28 0.00 0.00 0.00     0 0.00 0.00 0.00     0 90.69 45.20 0.00     0 0.000
  0  0 28 0.00 0.00 0.00     0 0.00 0.00 0.00     0 90.69 45.20 0.00     0 0.000
  0  0 28 0.00 0.00 0.00     0 0.00 0.00 0.00     0 90.69 45.20 0.00     0 0.000
  0  0 28 0.00 0.00 0.00     0 0.00 0.00 0.00     0 90.69 45.20 0.00     0 0.000
  0  0 28 0.00 0.00 0.00     0 0.00 0.00 0.00     0 90.69 45.20 0.00     0 0.000
  0  0 28 0.00 0.00 0.00     0 0.00 0.00 0.00     0 90.69 45.20 0.00     0 0.000
  0  0 28 0.00 0.00 0.00     0 0.00 0.00 0.00     0 90.69 45.20 0.00     0 0.000
  0  0 28 0.00 0.00 0.00     0 0.00 0.00 0.00     0 90.69 45.20 0.00     0 0.000
  0  0 28 0.00 0.00 0.00     0 0.00 0.00 0.00     0 90.69 45.20 0.00     0 0.000
  0  0 28 0.00 0.00 0.00     0 0.00 0.00 0.00     0 90.69 45.20 0.00     0 0.000
  0  0 28 0.00 0.00 0.00     0 0.00 0.00 0.00     0 90.69 45.20 0.00     0 0.000
  0  0 28 0.00 0.00 0.00     0 0.00 0.00 0.00     0 90.69 45.20 0.00     0 0.000
  0  0 28 0.00 0.00 0.00     0 0.00 0.00 0.00     0 90.69 45.20 0.00     0 0.000
  0  0 28 0.00 0.00 0.00     0 0.00 0.00 0.00     0 90.69 45.20 0.00     0 0.000
  0  0 28 0.00 0.00 0.00     0 0.00 0.00 0.00     0 90.69 45.20 0.00     0 0.000
  0  0 28 0.00 0.00 0.00     0 0.00 0.00 0.00     0 90.69 45.20 0.00     0 0.000
  0  0 28 0.00 0.00 0.00     0 0.00 0.00 0.00     0 90.69 45.20 0.00     0 0.000
  0  0 28 0.00 0.00 0.00     0 0.00 0.00 0.00     0 90.69 45.20 0.00     0 0.000
  0  0 28 0.00 0.00 0.00     0 0.00 0.00 0.00     0 90.69 45.20 0.00     0 0.000
  0  0 28 0.00 0.00 0.00     0 0.00 0.00 0.00     0 90.69 45.20 0.00     0 0.000
  0  0 28 0.00 0.00 0.00     0 0.00 0.00 0.00     0 90.69 45.20 0.00     0 0.000
  0  0 28 0.00 0.00 0.00     0 0.00 0.00 0.00     0 90.69 45.20 0.00     0 0.000
  0  0 28 0.00 0.00 0.00     0 0.00 0.00 0.00     0 90.69 45.20 0.00     0 0.000
  0  0 28 0.00 0.00 0.00     0 0.00 0.00 0.00     0 90.69 45.20 0.00     0 0.000
  0  0 28 0.00 0.00 0.00     0 0.00 0.00 0.00     0 90.69 45.20 0.00     0 0.000
  0  0 28 0.00 0.00 0.00     0 0.00 0.00 0.00     0 90.69 45.20 0.00     0 0.000
  0  0 28 0.00 0.00 0.00     0 0.00 0.00 0.00     0 90.69 45.20 0.00     0 0.000
  0  0 28 0.00 0.00 0.00     0 0.00 0.00 0.00     0 90.69 45.20 0.00     0 0.000
  0  0 28 0.00 0.00 0.00     0 0.00 0.00 0.00     0 90.69 45.20 0.00     0 0.000
  0  0 28 0.00 0.00 0.00     0 0.00 0.00 0.00     0 90.69 45.20 0.00     0 0.000
  0  0 28 0.00 0.00 0.00     0 0.00 0.00 0.00     0 90.69 45.20 0.00     0 0.000
  0  0 28 0.00 0.00 0.00     0 0.00 0.00 0.00     0 90.69 45.20 0.00     0 0.000
  0  0 28 0.00 0.00 0.00     0 0.00 0.00 0.00     0 90.69 45.20 0.00     0 0.000
  0  0 28 0.00 0.00 0.00     0 0.00 0.00 0.00     0 90.69 45.20 0.00     0 0.000
  0  0 28 0.00 0.00 0.00     0 0.00 0.00 0.00     0 52.29 63.79 66.03     0 0.000
  0  0 28 0.00 0.00 0.00     0 0.00 0.00 0.00     0 52.29 63.79 66.03     0 0.000
  0  0 28 0.00 0.00 0.00     0 0.00 0.00 0.00     0 52.29 63.79 66.03     0 0.000
  0  0 28 0.00 0.00 0.00     0 0.00 0.00 0.00     0 52.29 63.79 66.03     0 0.000
  0  0 28 0.00 0.00 0.00     0 0.00 0.00 0.00     0 52.29 63.79 66.03     0 0.000
  0  0 28 0.00 0.00 0.00     0 0.00 0.00 0.00     0 52.29 63.79 66.03     0 0.000
  0  0 28 0.00 0.00 0.00     0 0.00 0.00 0.00     0 52.29 63.79 66.03     0 0.000
  0  0 28 0.00 0.00 0.00     0 0.00 0.00 0.00     0 52.29 63.79 66.03     0 0.000
  0  0 28 0.00 0.00 0.00     0 0.00 0.00 0.00     0 52.29 63.79 66.03     0 0.000
  0  0 28 0.00 0.00 0.00     0 0.00 0.00 0.00     0 52.29 63.79 66.03     0 0.000
  0  0 28 0.00 0.00 0.00     0 0.00 0.00 0.00     0 52.29 63.79 66.03     0 0.000
  0  0 28 0.00 0.00 0.00     0 0.00 0.00 0.00     0 52.29 63.79 66.03     0 0.000
  0  0 28 0.00 0.00 0.00     0 0.00 0.00 0.00     0 52.29 63.79 66.03     0 0.000
  0  0 28 0.00 0.00 0.00     0 0.00 0.00 0.00     0 52.29 63.79 66.03     0 0.000
  0  0 28 0.00 0.00 0.00     0 0.00 0.00 0.00     0 52.29 63.79 66.03     0 0.000
  0  0 28 0.00 0.00 0.00     0 0.00 0.00 0.00     0 52.29 63.79 66.03     0 0.000
  0  0 28 0.00 0.00 0.00     0 0.00 0.00 0.00     0 52.29 63.79 66.03     0 0.000
  0  0 28 0.00 0.00 0.00     0 0.00 0.00 0.00     0 52.29 63.79 66.03     0 0.000
  0  0 28 0.00 0.00 0.00     0 0.00 0.00 0.00     0 52.29 63.79 66.03     0 0.000
  0  0 28 0.00 0.00 0.00     0 0.00 0.00 0.00     0 52.29 63.79 66.03     0 0.000
  0  0 28 0.00 0.00 0.00     0 0.00 0.00 0.00     0 52.29 63.79 66.03     0 0.000
  0  0 28 0.00 0.00 0.00     0 0.00 0.00 0.00     0 52.29 63.79 66.03     0 0.000
  0  0 28 0.00 0.00 0.00     0 0.00 0.00 0.00     0 52.29 63.79 66.03     0 0.000
  0  0 28 0.00 0.00 0.00     0 0.00 0.00 0.00     0 52.29 63.79 66.03     0 0.000
  0  0 28 0.00 0.00 0.00     0 0.00 0.00 0.00     0 52.29 63.79 66.03     0 0.000
  0  0 28 0.00 0.00 0.00     0 0.00 0.00 0.00     0 52.29 63.79 66.03     0 0.000
  0  0 28 0.00 0.00 0.00     0 0.00 0.00 0.00     0 52.29 63.79 66.03     0 0.000
  0  0 28 0.00 0.00 0.00     0 0.00 0.00 0.00     0 52.29 63.79 66.03     0 0.000
  0  0 28 0.00 0.00 0.00     0 0.00 0.00 0.00     0 52.29 63.79 66.03     0 0.000
  0  0 28 0.00 0.00 0.00     0 0.00 0.00 0.00     0 52.29 63.79 66.03     0 0.000
  0  0 28 0.00 0.00 0.00     0 0.00 0.00 0.00     0 52.29 63.79 66.03     0 0.000
  0  0 28 0.00 0.00 0.00     0 0.00 0.00 0.00     0 52.29 63.79 66.03     0 0.000
  0  0 28 0.00 0.00 0.00     0 0.00 0.00 0.00     0 52.29 63.79 66.03     0 0.000
  0  0 28 0.00 0.00 0.00     0 0.00 0.00 0.00     0 52.29 63.79 66.03     0 0.000
  0  0 28 0.00 0.00 0.00     0 0.00 0.00 0.00     0 52.29 63.79 66.03     0 0.000
  0  0 28 0.00 0.00 0.00     0 0.00 0.00 0.00     0 52.29 63.79 66.03     0 0.000
  0  0 28 0.00 0.00 0.00     0 0.00 0.00 0.00     0 52.29 63.79 66.03     0 0.000
  0  0 28 0.00 0.00 0.00     0 0.00 0.00 0.00     0 52.29 63.79 66.03     0 0.000
  0  0 28 0.00 0.00 0.00     0 0.00 0.00 0.00     0 52.29 63.79 66.03     0 0.000
  0  0 28 0.00 0.00 0.00     0 0.00 0.00 0.00     0 52.29 63.79 66.03     0 0.000
  0  0 28 0.00 0.00 0.00     0 0.00 0.00 0.00     0 52.29 63.79 66.03     0 0.000
  0  0 28 0.00 0.00 0.00     0 0.00 0.00 0.00     0 52.29 63.79 66.03     0 0.000
  0  0 28 0.00 0.00 0.00     0 0.00 0.00 0.00     0 52.29 63.79 66.03     0 0.000
  0  0 28 0.00 0.00 0.00     0 0.00 0.00 0.00     0 52.29 63.79 66.03     0 0.000
  0  0 28 0.00 0.00 0.00     0 0.00 0.00 0.00     0 52.29 63.79 66.03     0 0.000
  0  0 28 0.00 0.00 0.00     0 0.00 0.00 0.00     0 52.29 63.79 66.03     0 0.000
  0  0 28 0.00 0.00 0.00     0 0.00 0.00 0.00     0 52.29 63.79 66.03     0 0.000
  0  0 28 0.00 0.00 0.00     0 0.00 0.00 0.00     0 52.29 63.79 66.03     0 0.000
  0  0 28 0.00 0.00 0.00     0 0.00 0.00 0.00     0 52.29 63.79 66.03     0 0.000
  0  0 28 0.00 0.00 0.00     0 0.00 0.00 0.00     0 52.29 63.79 66.03     0 0.000
  0  0 28 0.00 0.00 0.00     0 0.00 0.00 0.00     0 49.60 48.56 47.91     0 0.000
  0  0 28 0.00 0.00 0.00     0 0.00 0.00 0.00     0 49.60 48.56 47.91     0 0.000
  0  0 28 0.00 0.00 0.00     0 0.00 0.00 0.00     0 49.60 48.56 47.91     0 0.000
  0  0 28 0.00 0.00 0.00     0 0.00 0.00 0.00     0 49.60 48.56 47.91     0 0.000
  0  0 28 0.00 0.00 0.00     0 0.00 0.00 0.00     0 49.60 48.56 47.91     0 0.000
  0  0 28 0.00 0.00 0.00     0 0.00 0.00 0.00     0 49.60 48.56 47.91     0 0.000
  0  0 28 0.00 0.00 0.00     0 0.00 0.00 0.00     0 49.60 48.56 47.91     0 0.000
  0  0 28 0.00 0.00 0.00     0 0.00 0.00 0.00     0 49.60 48.56 47.91     0 0.000
  0  0 28 0.00 0.00 0.00     0 0.00 0.00 0.00     0 49.60 48.56 47.91     0 0.000
  0  0 28 0.00 0.00 0.00     0 0.00 0.00 0.00     0 49.60 48.56 47.91     0 0.000
  0  0 28 0.00 0.00 0.00     0 0.00 0.00 0.00     0 49.60 48.56 47.91     0 0.000
  0  0 28 0.00 0.00 0.00     0 0.00 0.00 0.00     0 49.60 48.56 47.91     0 0.000
  0  0 28 0.00 0.00 0.00     0 0.00 0.00 0.00     0 49.60 48.56 47.91     0 0.000
  0  0 28 0.00 0.00 0.00     0 0.00 0.00 0.00     0 49.60 48.56 47.91     0 0.000
  0  0 28 0.00 0.00 0.00     0 0.00 0.00 0.00     0 49.60 48.56 47.91     0 0.000
  0  0 28 0.00 0.00 0.00     0 0.00 0.00 0.00     0 49.60 48.56 47.91     0 0.000
  0  0 28 0.00 0.00 0.00     0 0.00 0.00 0.00     0 49.60 48.56 47.91     0 0.000
  0  0 28 0.00 0.00 0.00     0 0.00 0.00 0.00     0 49.60 48.56 47.91     0 0.000
  0  0 28 0.00 0.00 0.00     0 0.00 0.00 0.00     0 49.60 48.56 47.91     0 0.000
  0  0 28 0.00 0.00 0.00     0 0.00 0.00 0.00     0 49.60 48.56 47.91     0 0.000
  0  0 28 0.00 0.00 0.00     0 0.00 0.00 0.00     0 49.60 48.56 47.91     0 0.000
  0  0 28 0.00 0.00 0.00     0 0.00 0.00 0.00     0 49.60 48.56 47.91     0 0.000
  0  0 28 0.00 0.00 0.00     0 0.00 0.00 0.00     0 49.60 48.56 47.91     0 0.000
  0  0 28 0.00 0.00 0.00     0 0.00 0.00 0.00     0 49.60 48.56 47.91     0 0.000
  0  0 28 0.00 0.00 0.00     0 0.00 0.00 0.00     0 49.60 48.56 47.91     0 0.000
  0  0 28 0.00 0.00 0.00     0 0.00 0.00 0.00     0 49.60 48.56 47.91     0 0.000
  0  0 28 0.00 0.00 0.00     0 0.00 0.00 0.00     0 49.60 48.56 47.91     0 0.000
  0  0 28 0.00 0.00 0.00     0 0.00 0.00 0.00     0 49.60 48.56 47.91     0 0.000
  0  0 28 0.00 0.00 0.00     0 0.00 0.00 0.00     0 49.60 48.56 47.91     0 0.000
  0  0 28 0.00 0.00 0.00     0 0.00 0.00 0.00     0 49.60 48.56 47.91     0 0.000
  0  0 28 0.00 0.00 0.00     0 0.00 0.00 0.00     0 49.60 48.56 47.91     0 0.000
  0  0 28 0.00 0.00 0.00     0 0.00 0.00 0.00     0 49.60 48.56 47.91     0 0.000
  0  0 28 0.00 0.00 0.00     0 0.00 0.00 0.00     0 49.60 48.56 47.91     0 0.000
  0  0 28 0.00 0.00 0.00     0 0.00 0.00 0.00     0 49.60 48.56 47.91     0 0.000
  0  0 28 0.00 0.00 0.00     0 0.00 0.00 0.00     0 49.60 48.56 47.91     0 0.000
  0  0 28 0.00 0.00 0.00     0 0.00 0.00 0.00     0 49.60 48.56 47.91     0 0.000
  0  0 28 0.00 0.00 0.00     0 0.00 0.00 0.00     0 49.60 48.56 47.91     0 0.000
  0  0 28 0.00 0.00 0.00     0 0.00 0.00 0.00     0 49.60 48.56 47.91     0 0.000
  0  0 28 0.00 0.00 0.00     0 0.00 0.00 0.00     0 49.60 48.56 47.91     0 0.000
  0  0 28 0.00 0.00 0.00     0 0.00 0.00 0.00     0 49.60 48.56 47.91     0 0.000
  0  0 28 0.00 0.00 0.00     0 0.00 0.00 0.00     0 49.60 48.56 47.91     0 0.000
  0  0 28 0.00 0.00 0.00     0 0.00 0.00 0.00     0 49.60 48.56 47.91     0 0.000
  0  0 28 0.00 0.00 0.00     0 0.00 0.00 0.00     0 49.60 48.56 47.91     0 0.000
  0  0 28 0.00 0.00 0.00     0 0.00 0.00 0.00     0 49.60 48.56 47.91     0 0.000
  0  0 28 0.00 0.00 0.00     0 0.00 0.00 0.00     0 49.60 48.56 47.91     0 0.000
  0  0 28 0.00 0.00 0.00     0 0.00 0.00 0.00     0 49.60 48.56 47.91     0 0.000
  0  0 28 0.00 0.00 0.00     0 0.00 0.00 0.00     0 49.60 48.56 47.91     0 0.000
  0  0 28 0.00 0.00 0.00     0 0.00 0.00 0.00     0 49.60 48.56 47.91     0 0.000
  0  0 28 0.00 0.00 0.00     0 0.00 0.00 0.00     0 49.60 48.56 47.91     0 0.000
  0  0 28 0.00 0.00 0.00     0 0.00 0.00 0.00     0 49.60 48.56 47.91     0 0.000
  0  0 28 0.00 0.00 0.00     0 0.00 0.00 0.00     0 49.60 48.56 47.91     0 0.000
  0  0 28 0.00 0.00 0.00     0 0.00 0.00 0.00     0 49.60 48.56 47.91     0 0.000
  0  0 28 0.00 0.00 0.00     0 0.00 0.00 0.00     0 52.29 63.79 66.03     0 0.000
  0  0 28 0.00 0.00 0.00     0 0.00 0.00 0.00     0 52.29 63.79 66.03     0 0.000
  0  0 28 0.00 0.00 0.00     0 0.00 0.00 0.00     0 52.29 63.79 66.03     0 0.000
  0  0 28 0.00 0.00 0.00     0 0.00 0.00 0.00     0 52.29 63.79 66.03     0 0.000
  0  0 28 0.00 0.00 0.00     0 0.00 0.00 0.00     0 52.29 63.79 66.03     0 0.000
  0  0 28 0.00 0.00 0.00     0 0.00 0.00 0.00     0 52.29 63.79 66.03     0 0.000
  0  0 28 0.00 0.00 0.00     0 0.00 0.00 0.00     0 52.29 63.79 66.03     0 0.000
  0  0 28 0.00 0.00 0.00     0 0.00 0.00 0.00     0 52.29 63.79 66.03     0 0.000
  0  0 28 0.00 0.00 0.00     0 0.00 0.00 0.00     0 52.29 63.79 66.03     0 0.000
  0  0 28 0.00 0.00 0.00     0 0.00 0.00 0.00     0 52.29 63.79 66.03     0 0.000
  0  0 28 0.00 0.00 0.00     0 0.00 0.00 0.00     0 52.29 63.79 66.03     0 0.000
  0  0 28 0.00 0.00 0.00     0 0.00 0.00 0.00     0 52.29 63.79 66.03     0 0.000
  0  0 28 0.00 0.00 0.00     0 0.00 0.00 0.00     0 52.29 63.79 66.03     0 0.000
  0  0 28 0.00 0.00 0.00     0 0.00 0.00 0.00     0 52.29 63.79 66.03     0 0.000
  0  0 28 0.00 0.00 0.00     0 0.00 0.00 0.00     0 52.29 63.79 66.03     0 0.000
  0  0 28 0.00 0.00 0.00     0 0.00 0.00 0.00     0 52.29 63.79 66.03     0 0.000
  0  0 28 0.00 0.00 0.00     0 0.00 0.00 0.00     0 52.29 63.79 66.03     0 0.000
  0  0 28 0.00 0.00 0.00     0 0.00 0.00 0.00     0 52.29 63.79 66.03     0 0.000
  0  0 28 0.00 0.00 0.00     0 0.00 0.00 0.00     0 52.29 63.79 66.03     0 0.000
  0  0 28 0.00 0.00 0.00     0 0.00 0.00 0.00     0 52.29 63.79 66.03     0 0.000
  0  0 28 0.00 0.00 0.00     0 0.00 0.00 0.00     0 52.29 63.79 66.03     0 0.000
  0  0 28 0.00 0.00 0.00     0 0.00 0.00 0.00     0 52.29 63.79 66.03     0 0.000
  0  0 28 0.00 0.00 0.00     0 0.00 0.00 0.00     0 52.29 63.79 66.03     0 0.000
  0  0 28 0.00 0.00 0.00     0 0.00 0.00 0.00     0 52.29 63.79 66.03     0 0.000
  0  0 28 0.00 0.00 0.00     0 0.00 0.00 0.00     0 52.29 63.79 66.03     0 0.000
  0  0 28 0.00 0.00 0.00     0 0.00 0.00 0.00     0 52.29 63.79 66.03     0 0.000
  0  0 28 0.00 0.00 0.00     0 0.00 0.00 0.00     0 52.29 63.79 66.03     0 0.000
  0  0 28 0.00 0.00 0.00     0 0.00 0.00 0.00     0 52.29 63.79 66.03     0 0.000
  0  0 28 0.00 0.00 0.00     0 0.00 0.00 0.00     0 52.29 63.79 66.03     0 0.000
  0  0 28 0.00 0.00 0.00     0 0.00 0.00 0.00     0 52.29 63.79 66.03     0 0.000
  0  0 28 0.00 0.00 0.00     0 0.00 0.00 0.00     0 52.29 63.79 66.03     0 0.000
  0  0 28 0.00 0.00 0.00     0 0.00 0.00 0.00     0 52.29 63.79 66.03     0 0.000
  0  0 28 0.00 0.00 0.00     0 0.00 0.00 0.00     0 52.29 63.79 66.03     0 0.000
  0  0 28 0.00 0.00 0.00     0 0.00 0.00 0.00     0 52.29 63.79 66.03     0 0.000
  0  0 28 0.00 0.00 0.00     0 0.00 0.00 0.00     0 52.29 63.79 66.03     0 0.000
  0  0 28 0.00 0.00 0.00     0 0.00 0.00 0.00     0 52.29 63.79 66.03     0 0.000
  0  0 28 0.00 0.00 0.00     0 0.00 0.00 0.00     0 52.29 63.79 66.03     0 0.000
  0  0 28 0.00 0.00 0.00     0 0.00 0.00 0.00     0 52.29 63.79 66.03     0 0.000
  0  0 28 0.00 0.00 0.00     0 0.00 0.00 0.00     0 52.29 63.79 66.03     0 0.000
  0  0 28 0.00 0.00 0.00     0 0.00 0.00 0.00     0 52.29 63.79 66.03     0 0.000
  0  0 28 0.00 0.00 0.00     0 0.00 0.00 0.00     0 52.29 63.79 66.03     0 0.000
  0  0 28 0.00 0.00 0.00     0 0.00 0.00 0.00     0 52.29 63.79 66.03     0 0.000
  0  0 28 0.00 0.00 0.00     0 0.00 0.00 0.00     0 52.29 63.79 66.03     0 0.000
  0  0 28 0.00 0.00 0.00     0 0.00 0.00 0.00     0 52.29 63.79 66.03     0 0.000
  0  0 28 0.00 0.00 0.00     0 0.00 0.00 0.00     0 52.29 63.79 66.03     0 0.000
  0  0 28 0.00 0.00 0.00     0 0.00 0.00 0.00     0 52.29 63.79 66.03     0 0.000
  0  0 28 0.00 0.00 0.00     0 0.00 0.00 0.00     0 52.29 63.79 66.03     0 0.000
  0  0 28 0.00 0.00 0.00     0 0.00 0.00 0.00     0 52.29 63.79 66.03     0 0.000
  0  0 28 0.00 0.00 0.00     0 0.00 0.00 0.00     0 52.29 63.79 66.03     0 0.000
  0  0 28 0.00 0.00 0.00     0 0.00 0.00 0.00     0 52.29 63.79 66.03     0 0.000
  0  0 28 0.00 0.00 0.00     0 0.00 0.00 0.00     0 52.29 63.79 66.03     0 0.000
  0  0 28 0.00 0.00 0.00     0 0.00 0.00 0.00     0 52.29 63.79 66.03     0 0.000
  0  0 28 0.00 0.00 0.00     0 0.00 0.00 0.00     0 52.29 63.79 66.03     0 0.000
  0  0 28 0.00 0.00 0.00     0 0.00 0.00 0.00     0 52.29 63.79 66.03     0 0.000
  0  0 28 0.00 0.00 0.00     0 0.00 0.00 0.00     0 52.29 63.79 66.03     0 0.000
  0  0 28 0.00 0.00 0.00     0 0.00 0.00 0.00     0 52.29 63.79 66.03     0 0.000
  0  0 28 0.00 0.00 0.00     0 0.00 0.00 0.00     0 52.29 63.79 66.03     0 0.000
  0  0 28 0.00 0.00 0.00     0 0.00 0.00 0.00     0 52.29 63.79 66.03     0 0.000
  0  0 28 0.00 0.00 0.00     0 0.00 0.00 0.00     0 52.29 63.79 66.03     0 0.000
  0  0 28 0.00 0.00 0.00     0 0.00 0.00 0.00     0 52.29 63.79 66.03     0 0.000
  0  0 28 0.00 0.00 0.00     0 0.00 0.00 0.00     0 52.29 63.79 66.03     0 0.000
  0  0 28 0.00 0.00 0.00     0 0.00 0.00 0.00     0 52.29 63.79 66.03     0 0.000
  0  0 28 0.00 0.00 0.00     0 0.00 0.00 0.00     0 52.29 63.79 66.03     0 0.000
  0  0 28 0.00 0.00 0.00     0 0.00 0.00 0.00     0 52.29 63.79 66.03     0 0.000
  0  0 28 0.00 0.00 0.00     0 0.00 0.00 0.00     0 52.29 63.79 66.03     0 0.000
  0  0 28 0.00 0.00 0.00     0 0.00 0.00 0.00     0 52.29 63.79 66.03     0 0.000
  0  0 28 0.00 0.00 0.00     0 0.00 0.00 0.00     0 52.29 63.79 66.03     0 0.000
  0  0 28 0.00 0.00 0.00     0 0.00 0.00 0.00     0 52.29 63.79 66.03     0 0.000
  0  0 28 0.00 0.00 0.00     0 0.00 0.00 0.00     0 52.29 63.79 66.03     0 0.000
  0  0 28 0.00 0.00 0.00     0 0.00 0.00 0.00     0 52.29 63.79 66.03     0 0.000
  0  0 28 0.00 0.00 0.00     0 0.00 0.00 0.00     0 52.29 63.79 66.03     0 0.000
  0  0 28 0.00 0.00 0.00     0 0.00 0.00 0.00     0 52.29 63.79 66.03     0 0.000
  0  0 28 0.00 0.00 0.00     0 0.00 0.00 0.00     0 52.29 63.79 66.03     0 0.000
  0  0 28 0.00 0.00 0.00     0 0.00 0.00 0.00     0 52.29 63.79 66.03     0 0.000
  0  0 28 0.00 0.00 0.00     0 0.00 0.00 0.00     0 52.29 63.79 66.03     0 0.000
  0  0 28 0.00 0.00 0.00     0 0.00 0.00 0.00     0 52.29 63.79 66.03     0 0.000
  0  0 28 0.00 0.00 0.00     0 0.00 0.00 0.00     0 52.29 63.79 66.03     0 0.000
  0  0 28 0.00 0.00 0.00     0 0.00 0.00 0.00     0 52.29 63.79 66.03     0 0.000
  0  0 28 0.00 0.00 0.00     0 0.00 0.00 0.00     0 52.29 63.79 66.03     0 0.000
  0  0 28 0.00 0.00 0.00     0 0.00 0.00 0.00     0 52.29 63.79 66.03     0 0.000
  0  0 28 0.00 0.00 0.00     0 0.00 0.00 0.00     0 52.29 63.79 66.03     0 0.000
  0  0 28 0.00 0.00 0.00     0 0.00 0.00 0.00     0 52.29 63.79 66.03     0 0.000
  0  0 28 0.00 0.00 0.00     0 0.00 0.00 0.00     0 52.29 63.79 66.03     0 0.000
  0  0 28 0.00 0.00 0.00     0 0.00 0.00 0.00     0 52.29 63.79 66.03     0 0.000
  0  0 28 0.00 0.00 0.00     0 0.00 0.00 0.00     0 52.29 63.79 66.03     0 0.000
  0  0 28 0.00 0.00 0.00     0 0.00 0.00 0.00     0 52.29 63.79 66.03     0 0.000
  0  0 28 0.00 0.00 0.00     0 0.00 0.00 0.00     0 52.29 63.79 66.03     0 0.000
  0  0 28 0.00 0.00 0.00     0 0.00 0.00 0.00     0 52.29 63.79 66.03     0 0.000
  0  0 28 0.00 0.00 0.00     0 0.00 0.00 0.00     0 52.29 63.79 66.03     0 0.000
  0  0 28 0.00 0.00 0.00     0 0.00 0.00 0.00     0 52.29 63.79 66.03     0 0.000
  0  0 28 0.00 0.00 0.00     0 0.00 0.00 0.00     0 52.29 63.79 66.03     0 0.000
  0  0 28 0.00 0.00 0.00     0 0.00 0.00 0.00     0 52.29 63.79 66.03     0 0.000
  0  0 28 0.00 0.00 0.00     0 0.00 0.00 0.00     0 52.29 63.79 66.03     0 0.000
  0  0 28 0.00 0.00 0.00     0 0.00 0.00 0.00     0 52.29 63.79 66.03     0 0.000
  0  0 28 0.00 0.00 0.00     0 0.00 0.00 0.00     0 52.29 63.79 66.03     0 0.000
  0  0 28 0.00 0.00 0.00     0 0.00 0.00 0.00     0 52.29 63.79 66.03     0 0.000
  0  0 28 0.00 0.00 0.00     0 0.00 0.00 0.00     0 52.29 63.79 66.03     0 0.000
  0  0 28 0.00 0.00 0.00     0 0.00 0.00 0.00     0 52.29 63.79 66.03     0 0.000
  0  0 28 0.00 0.00 0.00     0 0.00 0.00 0.00     0 52.29 63.79 66.03     0 0.000
  0  0 28 0.00 0.00 0.00     0 0.00 0.00 0.00     0 52.29 63.79 66.03     0 0.000
  0  0 28 0.00 0.00 0.00     0 0.00 0.00 0.00     0 52.29 63.79 66.03     0 0.000
  0  0 28 0.00 0.00 0.00     0 0.00 0.00 0.00     0 52.29 63.79 66.03     0 0.000
  0  0 28 0.00 0.00 0.00     0 0.00 0.00 0.00     0 52.29 63.79 66.03     0 0.000
  0  0 28 0.00 0.00 0.00     0 0.00 0.00 0.00     0 52.29 63.79 66.03     0 0.000
  0  0 28 0.00 0.00 0.00     0 0.00 0.00 0.00     0 52.29 63.79 66.03     0 0.000
  0  0 28 0.00 0.00 0.00     0 0.00 0.00 0.00     0 52.29 63.79 66.03     0 0.000
  0  0 28 0.00 0.00 0.00     0 0.00 0.00 0.00     0 52.29 63.79 66.03     0 0.000
  0  0 28 0.00 0.00 0.00     0 0.00 0.00 0.00     0 52.29 63.79 66.03     0 0.000
  0  0 28 0.00 0.00 0.00     0 0.00 0.00 0.00     0 52.29 63.79 66.03     0 0.000
  0  0 28 0.00 0.00 0.00     0 0.00 0.00 0.00     0 52.29 63.79 66.03     0 0.000
  0  0 28 0.00 0.00 0.00     0 0.00 0.00 0.00     0 52.29 63.79 66.03     0 0.000
  0  0 28 0.00 0.00 0.00     0 0.00 0.00 0.00     0 52.29 63.79 66.03     0 0.000
  0  0 28 0.00 0.00 0.00     0 0.00 0.00 0.00     0 52.29 63.79 66.03     0 0.000
  0  0 28 0.00 0.00 0.00     0 0.00 0.00 0.00     0 52.29 63.79 66.03     0 0.000
  0  0 28 0.00 0.00 0.00     0 0.00 0.00 0.00     0 52.29 63.79 66.03     0 0.000
  0  0 28 0.00 0.00 0.00     0 0.00 0.00 0.00     0 52.29 63.79 66.03     0 0.000
  0  0 28 0.00 0.00 0.00     0 0.00 0.00 0.00     0 52.29 63.79 66.03     0 0.000
  0  0 28 0.00 0.00 0.00     0 0.00 0.00 0.00     0 52.29 63.79 66.03     0 0.000
  0  0 28 0.00 0.00 0.00     0 0.00 0.00 0.00     0 52.29 63.79 66.03     0 0.000
  0  0 28 0.00 0.00 0.00     0 0.00 0.00 0.00     0 52.29 63.79 66.03     0 0.000
  0  0 28 0.00 0.00 0.00     0 0.00 0.00 0.00     0 52.29 63.79 66.03     0 0.000
  0  0 28 0.00 0.00 0.00     0 0.00 0.00 0.00     0 52.29 63.79 66.03     0 0.000
  0  0 28 0.00 0.00 0.00     0 0.00 0.00 0.00     0 52.29 63.79 66.03     0 0.000
  0  0 28 0.00 0.00 0.00     0 0.00 0.00 0.00     0 52.29 63.79 66.03     0 0.000
  0  0 28 0.00 0.00 0.00     0 0.00 0.00 0.00     0 52.29 63.79 66.03     0 0.000
  0  0 28 0.00 0.00 0.00     0 0.00 0.00 0.00     0 52.29 63.79 66.03     0 0.000
  0  0 28 0.00 0.00 0.00     0 0.00 0.00 0.00     0 52.29 63.79 66.03     0 0.000
  0  0 28 0.00 0.00 0.00     0 0.00 0.00 0.00     0 52.29 63.79 66.03     0 0.000
  0  0 28 0.00 0.00 0.00     0 0.00 0.00 0.00     0 52.29 63.79 66.03     0 0.000
  0  0 28 0.00 0.00 0.00     0 0.00 0.00 0.00     0 52.29 63.79 66.03     0 0.000
  0  0 28 0.00 0.00 0.00     0 0.00 0.00 0.00     0 52.29 63.79 66.03     0 0.000
  0  0 28 0.00 0.00 0.00     0 0.00 0.00 0.00     0 52.29 63.79 66.03     0 0.000
  0  0 28 0.00 0.00 0.00     0 0.00 0.00 0.00     0 52.29 63.79 66.03     0 0.000
  0  0 28 0.00 0.00 0.00     0 0.00 0.00 0.00     0 52.29 63.79 66.03     0 0.000
  0  0 28 0.00 0.00 0.00     0 0.00 0.00 0.00     0 52.29 63.79 66.03     0 0.000
  0  0 28 0.00 0.00 0.00     0 0.00 0.00 0.00     0 52.29 63.79 66.03     0 0.000
  0  0 28 0.00 0.00 0.00     0 0.00 0.00 0.00     0 52.29 63.79 66.03     0 0.000
  0  0 28 0.00 0.00 0.00     0 0.00 0.00 0.00     0 52.29 63.79 66.03     0 0.000
  0  0 28 0.00 0.00 0.00     0 0.00 0.00 0.00     0 52.29 63.79 66.03     0 0.000
  0  0 28 0.00 0.00 0.00     0 0.00 0.00 0.00     0 52.29 63.79 66.03     0 0.000
  0  0 28 0.00 0.00 0.00     0 0.00 0.00 0.00     0 52.29 63.79 66.03     0 0.000
  0  0 28 0.00 0.00 0.00     0 0.00 0.00 0.00     0 52.29 63.79 66.03     0 0.000
  0  0 28 0.00 0.00 0.00     0 0.00 0.00 0.00     0 52.29 63.79 66.03     0 0.000
  0  0 28 0.00 0.00 0.00     0 0.00 0.00 0.00     0 52.29 63.79 66.03     0 0.000
  0  0 28 0.00 0.00 0.00     0 0.00 0.00 0.00     0 52.29 63.79 66.03     0 0.000
  0  0 28 0.00 0.00 0.00     0 0.00 0.00 0.00     0 52.29 63.79 66.03     0 0.000
  0  0 28 0.00 0.00 0.00     0 0.00 0.00 0.00     0 52.29 63.79 66.03     0 0.000
  0  0 28 0.00 0.00 0.00     0 0.00 0.00 0.00     0 52.29 63.79 66.03     0 0.000
  0  0 28 0.00 0.00 0.00     0 0.00 0.00 0.00     0 52.29 63.79 66.03     0 0.000
  0  0 28 0.00 0.00 0.00     0 0.00 0.00 0.00     0 52.29 63.79 66.03     0 0.000
  0  0 28 0.00 0.00 0.00     0 0.00 0.00 0.00     0 52.29 63.79 66.03     0 0.000
  0  0 28 0.00 0.00 0.00     0 0.00 0.00 0.00     0 52.29 63.79 66.03     0 0.000
  0  0 28 0.00 0.00 0.00     0 0.00 0.00 0.00     0 52.29 63.79 66.03     0 0.000
  0  0 28 0.00 0.00 0.00     0 0.00 0.00 0.00     0 52.29 63.79 66.03     0 0.000
  0  0 28 0.00 0.00 0.00     0 0.00 0.00 0.00     0 52.29 63.79 66.03     0 0.000
  0  0 28 0.00 0.00 0.00     0 0.00 0.00 0.00     0 52.29 63.79 66.03     0 0.000
  0  0 28 0.00 0.00 0.00     0 0.00 0.00 0.00     0 52.29 63.79 66.03     0 0.000
  0  0 28 0.00 0.00 0.00     0 0.00 0.00 0.00     0 35.45 53.81 53.06     0 0.000
  0  0 28 0.00 0.00 0.00     0 0.00 0.00 0.00     0 35.45 53.81 53.06     0 0.000
  0  0 28 0.00 0.00 0.00     0 0.00 0.00 0.00     0 35.89 54.82 53.66     0 0.000
